cam_005003050368
1094.8866329 0 934.63286315
0 1095.9840302 543.24743426
0 0 1
0 0
0.9998908890400 0.011339885359 -0.0094666268443 69.609684139229301536
-0.011452688562 0.999863031820 -0.0119479508580 70.668858235588501771
0.0093298418246 0.012055065534 0.9998838079700 -6.1135985163218720118e-11

cam_005003400403
1094.8866329 0 934.63286315
0 1095.9840302 543.24743426
0 0 1
0 0
0.9998908890400 0.011339885359 -0.0094666268443 34.392205705109994085
-0.011452688562 0.999863031820 -0.0119479508580 35.294877955271502401
0.0093298418246 0.012055065534 0.9998838079700 -2.2478685579585544474e-11

cam_005004100473
1094.8866329 0 934.63286315
0 1095.9840302 543.24743426
0 0 1
0 0
0.9998908890400 0.011339885359 -0.0094666268443 -36.188551062241863576
-0.011452688562 0.999863031820 -0.0119479508580 -35.208987214897170759
0.0093298418246 0.012055065534 0.9998838079700 1.2861711695677513489e-11

cam_005004450508
1094.8866329 0 934.63286315
0 1095.9840302 543.24743426
0 0 1
0 0
0.9998908890400 0.011339885359 -0.0094666268443 -71.306907343554769341
-0.011452688562 0.999863031820 -0.0119479508580 -70.522249023569784754
0.0093298418246 0.012055065534 0.9998838079700 3.9689140862719796132e-11

cam_005003750368
1094.8866329 0 934.63286315
0 1095.9840302 543.24743426
0 0 1
0 0
0.9998908890400 0.011339885359 -0.0094666268443 69.64542256628163841
-0.011452688562 0.999863031820 -0.0119479508580 0.20172816446643859756
0.0093298418246 0.012055065534 0.9998838079700 -4.1151526630756052327e-12

cam_005003750403
1094.8866329 0 934.63286315
0 1095.9840302 543.24743426
0 0 1
0 0
0.9998908890400 0.011339885359 -0.0094666268443 34.38348891330054613
-0.011452688562 0.999863031820 -0.0119479508580 0.060382047056337123658
0.0093298418246 0.012055065534 0.9998838079700 6.4110383668491977005e-12

cam_005003750438
1094.8866329 0 934.63286315
0 1095.9840302 543.24743426
0 0 1
0 0
0.9998908890400 0.011339885359 -0.0094666268443 -0.95187727873054328587
-0.011452688562 0.999863031820 -0.0119479508580 -0.012195591692269917156
0.0093298418246 0.012055065534 0.9998838079700 7.5970479906928289893e-14

cam_005003750473
1094.8866329 0 934.63286315
0 1095.9840302 543.24743426
0 0 1
0 0
0.9998908890400 0.011339885359 -0.0094666268443 -36.161494617572742527
-0.011452688562 0.999863031820 -0.0119479508580 -0.19992901802352042173
0.0093298418246 0.012055065534 0.9998838079700 -2.1460611066004275926e-12

cam_005003750508
1094.8866329 0 934.63286315
0 1095.9840302 543.24743426
0 0 1
0 0
0.9998908890400 0.011339885359 -0.0094666268443 -71.538257756693596434
-0.011452688562 0.999863031820 -0.0119479508580 -0.22704761530003553238
0.0093298418246 0.012055065534 0.9998838079700 -1.9473311851925245719e-13

virtual_005003750438_0000
1094.8866329  0.0  934.63286315
0.0  1095.9840302  543.24743426
0.0  0.0  1.0
0  0
0.9998908890400  0.011339885359  -0.0094666268443  1.84707527
-0.011452688562  0.999863031820  -0.0119479508580  3.60432407
0.0093298418246  0.012055065534   0.9998838079700  299.965142

virtual_005003750438_0001
1094.8866329  0.0  934.63286315
0.0  1095.9840302  543.24743426
0.0  0.0  1.0
0  0
0.9998908890400  0.011339885359  -0.0094666268443  1.83774543
-0.011452688562  0.999863031820  -0.0119479508580  3.592269
0.0093298418246  0.012055065534   0.9998838079700  298.965259

virtual_005003750438_0002
1094.8866329  0.0  934.63286315
0.0  1095.9840302  543.24743426
0.0  0.0  1.0
0  0
0.9998908890400  0.011339885359  -0.0094666268443  1.82841559
-0.011452688562  0.999863031820  -0.0119479508580  3.58021394
0.0093298418246  0.012055065534   0.9998838079700  297.965375

virtual_005003750438_0003
1094.8866329  0.0  934.63286315
0.0  1095.9840302  543.24743426
0.0  0.0  1.0
0  0
0.9998908890400  0.011339885359  -0.0094666268443  1.81908574
-0.011452688562  0.999863031820  -0.0119479508580  3.56815887
0.0093298418246  0.012055065534   0.9998838079700  296.965491

virtual_005003750438_0004
1094.8866329  0.0  934.63286315
0.0  1095.9840302  543.24743426
0.0  0.0  1.0
0  0
0.9998908890400  0.011339885359  -0.0094666268443  1.8097559
-0.011452688562  0.999863031820  -0.0119479508580  3.55610381
0.0093298418246  0.012055065534   0.9998838079700  295.965607

virtual_005003750438_0005
1094.8866329  0.0  934.63286315
0.0  1095.9840302  543.24743426
0.0  0.0  1.0
0  0
0.9998908890400  0.011339885359  -0.0094666268443  1.80042606
-0.011452688562  0.999863031820  -0.0119479508580  3.54404874
0.0093298418246  0.012055065534   0.9998838079700  294.965723

virtual_005003750438_0006
1094.8866329  0.0  934.63286315
0.0  1095.9840302  543.24743426
0.0  0.0  1.0
0  0
0.9998908890400  0.011339885359  -0.0094666268443  1.79109622
-0.011452688562  0.999863031820  -0.0119479508580  3.53199368
0.0093298418246  0.012055065534   0.9998838079700  293.96584

virtual_005003750438_0007
1094.8866329  0.0  934.63286315
0.0  1095.9840302  543.24743426
0.0  0.0  1.0
0  0
0.9998908890400  0.011339885359  -0.0094666268443  1.78176638
-0.011452688562  0.999863031820  -0.0119479508580  3.51993861
0.0093298418246  0.012055065534   0.9998838079700  292.965956

virtual_005003750438_0008
1094.8866329  0.0  934.63286315
0.0  1095.9840302  543.24743426
0.0  0.0  1.0
0  0
0.9998908890400  0.011339885359  -0.0094666268443  1.77243653
-0.011452688562  0.999863031820  -0.0119479508580  3.50788354
0.0093298418246  0.012055065534   0.9998838079700  291.966072

virtual_005003750438_0009
1094.8866329  0.0  934.63286315
0.0  1095.9840302  543.24743426
0.0  0.0  1.0
0  0
0.9998908890400  0.011339885359  -0.0094666268443  1.76310669
-0.011452688562  0.999863031820  -0.0119479508580  3.49582848
0.0093298418246  0.012055065534   0.9998838079700  290.966188

virtual_005003750438_0010
1094.8866329  0.0  934.63286315
0.0  1095.9840302  543.24743426
0.0  0.0  1.0
0  0
0.9998908890400  0.011339885359  -0.0094666268443  1.75377685
-0.011452688562  0.999863031820  -0.0119479508580  3.48377341
0.0093298418246  0.012055065534   0.9998838079700  289.966304

virtual_005003750438_0011
1094.8866329  0.0  934.63286315
0.0  1095.9840302  543.24743426
0.0  0.0  1.0
0  0
0.9998908890400  0.011339885359  -0.0094666268443  1.74444701
-0.011452688562  0.999863031820  -0.0119479508580  3.47171835
0.0093298418246  0.012055065534   0.9998838079700  288.966421

virtual_005003750438_0012
1094.8866329  0.0  934.63286315
0.0  1095.9840302  543.24743426
0.0  0.0  1.0
0  0
0.9998908890400  0.011339885359  -0.0094666268443  1.73511717
-0.011452688562  0.999863031820  -0.0119479508580  3.45966328
0.0093298418246  0.012055065534   0.9998838079700  287.966537

virtual_005003750438_0013
1094.8866329  0.0  934.63286315
0.0  1095.9840302  543.24743426
0.0  0.0  1.0
0  0
0.9998908890400  0.011339885359  -0.0094666268443  1.72578732
-0.011452688562  0.999863031820  -0.0119479508580  3.44760822
0.0093298418246  0.012055065534   0.9998838079700  286.966653

virtual_005003750438_0014
1094.8866329  0.0  934.63286315
0.0  1095.9840302  543.24743426
0.0  0.0  1.0
0  0
0.9998908890400  0.011339885359  -0.0094666268443  1.71645748
-0.011452688562  0.999863031820  -0.0119479508580  3.43555315
0.0093298418246  0.012055065534   0.9998838079700  285.966769

virtual_005003750438_0015
1094.8866329  0.0  934.63286315
0.0  1095.9840302  543.24743426
0.0  0.0  1.0
0  0
0.9998908890400  0.011339885359  -0.0094666268443  1.70712764
-0.011452688562  0.999863031820  -0.0119479508580  3.42349809
0.0093298418246  0.012055065534   0.9998838079700  284.966885

virtual_005003750438_0016
1094.8866329  0.0  934.63286315
0.0  1095.9840302  543.24743426
0.0  0.0  1.0
0  0
0.9998908890400  0.011339885359  -0.0094666268443  1.6977978
-0.011452688562  0.999863031820  -0.0119479508580  3.41144302
0.0093298418246  0.012055065534   0.9998838079700  283.967001

virtual_005003750438_0017
1094.8866329  0.0  934.63286315
0.0  1095.9840302  543.24743426
0.0  0.0  1.0
0  0
0.9998908890400  0.011339885359  -0.0094666268443  1.68846796
-0.011452688562  0.999863031820  -0.0119479508580  3.39938795
0.0093298418246  0.012055065534   0.9998838079700  282.967118

virtual_005003750438_0018
1094.8866329  0.0  934.63286315
0.0  1095.9840302  543.24743426
0.0  0.0  1.0
0  0
0.9998908890400  0.011339885359  -0.0094666268443  1.67913812
-0.011452688562  0.999863031820  -0.0119479508580  3.38733289
0.0093298418246  0.012055065534   0.9998838079700  281.967234

virtual_005003750438_0019
1094.8866329  0.0  934.63286315
0.0  1095.9840302  543.24743426
0.0  0.0  1.0
0  0
0.9998908890400  0.011339885359  -0.0094666268443  1.66980827
-0.011452688562  0.999863031820  -0.0119479508580  3.37527782
0.0093298418246  0.012055065534   0.9998838079700  280.96735

virtual_005003750438_0020
1094.8866329  0.0  934.63286315
0.0  1095.9840302  543.24743426
0.0  0.0  1.0
0  0
0.9998908890400  0.011339885359  -0.0094666268443  1.66047843
-0.011452688562  0.999863031820  -0.0119479508580  3.36322276
0.0093298418246  0.012055065534   0.9998838079700  279.967466

virtual_005003750438_0021
1094.8866329  0.0  934.63286315
0.0  1095.9840302  543.24743426
0.0  0.0  1.0
0  0
0.9998908890400  0.011339885359  -0.0094666268443  1.65114859
-0.011452688562  0.999863031820  -0.0119479508580  3.35116769
0.0093298418246  0.012055065534   0.9998838079700  278.967582

virtual_005003750438_0022
1094.8866329  0.0  934.63286315
0.0  1095.9840302  543.24743426
0.0  0.0  1.0
0  0
0.9998908890400  0.011339885359  -0.0094666268443  1.64181875
-0.011452688562  0.999863031820  -0.0119479508580  3.33911263
0.0093298418246  0.012055065534   0.9998838079700  277.967699

virtual_005003750438_0023
1094.8866329  0.0  934.63286315
0.0  1095.9840302  543.24743426
0.0  0.0  1.0
0  0
0.9998908890400  0.011339885359  -0.0094666268443  1.63248891
-0.011452688562  0.999863031820  -0.0119479508580  3.32705756
0.0093298418246  0.012055065534   0.9998838079700  276.967815

virtual_005003750438_0024
1094.8866329  0.0  934.63286315
0.0  1095.9840302  543.24743426
0.0  0.0  1.0
0  0
0.9998908890400  0.011339885359  -0.0094666268443  1.62315906
-0.011452688562  0.999863031820  -0.0119479508580  3.3150025
0.0093298418246  0.012055065534   0.9998838079700  275.967931

virtual_005003750438_0025
1094.8866329  0.0  934.63286315
0.0  1095.9840302  543.24743426
0.0  0.0  1.0
0  0
0.9998908890400  0.011339885359  -0.0094666268443  1.61382922
-0.011452688562  0.999863031820  -0.0119479508580  3.30294743
0.0093298418246  0.012055065534   0.9998838079700  274.968047

virtual_005003750438_0026
1094.8866329  0.0  934.63286315
0.0  1095.9840302  543.24743426
0.0  0.0  1.0
0  0
0.9998908890400  0.011339885359  -0.0094666268443  1.60449938
-0.011452688562  0.999863031820  -0.0119479508580  3.29089236
0.0093298418246  0.012055065534   0.9998838079700  273.968163

virtual_005003750438_0027
1094.8866329  0.0  934.63286315
0.0  1095.9840302  543.24743426
0.0  0.0  1.0
0  0
0.9998908890400  0.011339885359  -0.0094666268443  1.59516954
-0.011452688562  0.999863031820  -0.0119479508580  3.2788373
0.0093298418246  0.012055065534   0.9998838079700  272.96828

virtual_005003750438_0028
1094.8866329  0.0  934.63286315
0.0  1095.9840302  543.24743426
0.0  0.0  1.0
0  0
0.9998908890400  0.011339885359  -0.0094666268443  1.5858397
-0.011452688562  0.999863031820  -0.0119479508580  3.26678223
0.0093298418246  0.012055065534   0.9998838079700  271.968396

virtual_005003750438_0029
1094.8866329  0.0  934.63286315
0.0  1095.9840302  543.24743426
0.0  0.0  1.0
0  0
0.9998908890400  0.011339885359  -0.0094666268443  1.57650986
-0.011452688562  0.999863031820  -0.0119479508580  3.25472717
0.0093298418246  0.012055065534   0.9998838079700  270.968512

virtual_005003750438_0030
1094.8866329  0.0  934.63286315
0.0  1095.9840302  543.24743426
0.0  0.0  1.0
0  0
0.9998908890400  0.011339885359  -0.0094666268443  1.56718001
-0.011452688562  0.999863031820  -0.0119479508580  3.2426721
0.0093298418246  0.012055065534   0.9998838079700  269.968628

virtual_005003750438_0031
1094.8866329  0.0  934.63286315
0.0  1095.9840302  543.24743426
0.0  0.0  1.0
0  0
0.9998908890400  0.011339885359  -0.0094666268443  1.55785017
-0.011452688562  0.999863031820  -0.0119479508580  3.23061704
0.0093298418246  0.012055065534   0.9998838079700  268.968744

virtual_005003750438_0032
1094.8866329  0.0  934.63286315
0.0  1095.9840302  543.24743426
0.0  0.0  1.0
0  0
0.9998908890400  0.011339885359  -0.0094666268443  1.54852033
-0.011452688562  0.999863031820  -0.0119479508580  3.21856197
0.0093298418246  0.012055065534   0.9998838079700  267.968861

virtual_005003750438_0033
1094.8866329  0.0  934.63286315
0.0  1095.9840302  543.24743426
0.0  0.0  1.0
0  0
0.9998908890400  0.011339885359  -0.0094666268443  1.53919049
-0.011452688562  0.999863031820  -0.0119479508580  3.20650691
0.0093298418246  0.012055065534   0.9998838079700  266.968977

virtual_005003750438_0034
1094.8866329  0.0  934.63286315
0.0  1095.9840302  543.24743426
0.0  0.0  1.0
0  0
0.9998908890400  0.011339885359  -0.0094666268443  1.52986065
-0.011452688562  0.999863031820  -0.0119479508580  3.19445184
0.0093298418246  0.012055065534   0.9998838079700  265.969093

virtual_005003750438_0035
1094.8866329  0.0  934.63286315
0.0  1095.9840302  543.24743426
0.0  0.0  1.0
0  0
0.9998908890400  0.011339885359  -0.0094666268443  1.5205308
-0.011452688562  0.999863031820  -0.0119479508580  3.18239677
0.0093298418246  0.012055065534   0.9998838079700  264.969209

virtual_005003750438_0036
1094.8866329  0.0  934.63286315
0.0  1095.9840302  543.24743426
0.0  0.0  1.0
0  0
0.9998908890400  0.011339885359  -0.0094666268443  1.51120096
-0.011452688562  0.999863031820  -0.0119479508580  3.17034171
0.0093298418246  0.012055065534   0.9998838079700  263.969325

virtual_005003750438_0037
1094.8866329  0.0  934.63286315
0.0  1095.9840302  543.24743426
0.0  0.0  1.0
0  0
0.9998908890400  0.011339885359  -0.0094666268443  1.50187112
-0.011452688562  0.999863031820  -0.0119479508580  3.15828664
0.0093298418246  0.012055065534   0.9998838079700  262.969441

virtual_005003750438_0038
1094.8866329  0.0  934.63286315
0.0  1095.9840302  543.24743426
0.0  0.0  1.0
0  0
0.9998908890400  0.011339885359  -0.0094666268443  1.49254128
-0.011452688562  0.999863031820  -0.0119479508580  3.14623158
0.0093298418246  0.012055065534   0.9998838079700  261.969558

virtual_005003750438_0039
1094.8866329  0.0  934.63286315
0.0  1095.9840302  543.24743426
0.0  0.0  1.0
0  0
0.9998908890400  0.011339885359  -0.0094666268443  1.48321144
-0.011452688562  0.999863031820  -0.0119479508580  3.13417651
0.0093298418246  0.012055065534   0.9998838079700  260.969674

virtual_005003750438_0040
1094.8866329  0.0  934.63286315
0.0  1095.9840302  543.24743426
0.0  0.0  1.0
0  0
0.9998908890400  0.011339885359  -0.0094666268443  1.4738816
-0.011452688562  0.999863031820  -0.0119479508580  3.12212145
0.0093298418246  0.012055065534   0.9998838079700  259.96979

virtual_005003750438_0041
1094.8866329  0.0  934.63286315
0.0  1095.9840302  543.24743426
0.0  0.0  1.0
0  0
0.9998908890400  0.011339885359  -0.0094666268443  1.46455175
-0.011452688562  0.999863031820  -0.0119479508580  3.11006638
0.0093298418246  0.012055065534   0.9998838079700  258.969906

virtual_005003750438_0042
1094.8866329  0.0  934.63286315
0.0  1095.9840302  543.24743426
0.0  0.0  1.0
0  0
0.9998908890400  0.011339885359  -0.0094666268443  1.45522191
-0.011452688562  0.999863031820  -0.0119479508580  3.09801132
0.0093298418246  0.012055065534   0.9998838079700  257.970022

virtual_005003750438_0043
1094.8866329  0.0  934.63286315
0.0  1095.9840302  543.24743426
0.0  0.0  1.0
0  0
0.9998908890400  0.011339885359  -0.0094666268443  1.44589207
-0.011452688562  0.999863031820  -0.0119479508580  3.08595625
0.0093298418246  0.012055065534   0.9998838079700  256.970139

virtual_005003750438_0044
1094.8866329  0.0  934.63286315
0.0  1095.9840302  543.24743426
0.0  0.0  1.0
0  0
0.9998908890400  0.011339885359  -0.0094666268443  1.43656223
-0.011452688562  0.999863031820  -0.0119479508580  3.07390119
0.0093298418246  0.012055065534   0.9998838079700  255.970255

virtual_005003750438_0045
1094.8866329  0.0  934.63286315
0.0  1095.9840302  543.24743426
0.0  0.0  1.0
0  0
0.9998908890400  0.011339885359  -0.0094666268443  1.42723239
-0.011452688562  0.999863031820  -0.0119479508580  3.06184612
0.0093298418246  0.012055065534   0.9998838079700  254.970371

virtual_005003750438_0046
1094.8866329  0.0  934.63286315
0.0  1095.9840302  543.24743426
0.0  0.0  1.0
0  0
0.9998908890400  0.011339885359  -0.0094666268443  1.41790254
-0.011452688562  0.999863031820  -0.0119479508580  3.04979105
0.0093298418246  0.012055065534   0.9998838079700  253.970487

virtual_005003750438_0047
1094.8866329  0.0  934.63286315
0.0  1095.9840302  543.24743426
0.0  0.0  1.0
0  0
0.9998908890400  0.011339885359  -0.0094666268443  1.4085727
-0.011452688562  0.999863031820  -0.0119479508580  3.03773599
0.0093298418246  0.012055065534   0.9998838079700  252.970603

virtual_005003750438_0048
1094.8866329  0.0  934.63286315
0.0  1095.9840302  543.24743426
0.0  0.0  1.0
0  0
0.9998908890400  0.011339885359  -0.0094666268443  1.39924286
-0.011452688562  0.999863031820  -0.0119479508580  3.02568092
0.0093298418246  0.012055065534   0.9998838079700  251.97072

virtual_005003750438_0049
1094.8866329  0.0  934.63286315
0.0  1095.9840302  543.24743426
0.0  0.0  1.0
0  0
0.9998908890400  0.011339885359  -0.0094666268443  1.38991302
-0.011452688562  0.999863031820  -0.0119479508580  3.01362586
0.0093298418246  0.012055065534   0.9998838079700  250.970836

virtual_005003750438_0050
1094.8866329  0.0  934.63286315
0.0  1095.9840302  543.24743426
0.0  0.0  1.0
0  0
0.9998908890400  0.011339885359  -0.0094666268443  1.38058318
-0.011452688562  0.999863031820  -0.0119479508580  3.00157079
0.0093298418246  0.012055065534   0.9998838079700  249.970952

virtual_005003750438_0051
1094.8866329  0.0  934.63286315
0.0  1095.9840302  543.24743426
0.0  0.0  1.0
0  0
0.9998908890400  0.011339885359  -0.0094666268443  1.37125334
-0.011452688562  0.999863031820  -0.0119479508580  2.98951573
0.0093298418246  0.012055065534   0.9998838079700  248.971068

virtual_005003750438_0052
1094.8866329  0.0  934.63286315
0.0  1095.9840302  543.24743426
0.0  0.0  1.0
0  0
0.9998908890400  0.011339885359  -0.0094666268443  1.36192349
-0.011452688562  0.999863031820  -0.0119479508580  2.97746066
0.0093298418246  0.012055065534   0.9998838079700  247.971184

virtual_005003750438_0053
1094.8866329  0.0  934.63286315
0.0  1095.9840302  543.24743426
0.0  0.0  1.0
0  0
0.9998908890400  0.011339885359  -0.0094666268443  1.35259365
-0.011452688562  0.999863031820  -0.0119479508580  2.9654056
0.0093298418246  0.012055065534   0.9998838079700  246.971301

virtual_005003750438_0054
1094.8866329  0.0  934.63286315
0.0  1095.9840302  543.24743426
0.0  0.0  1.0
0  0
0.9998908890400  0.011339885359  -0.0094666268443  1.34326381
-0.011452688562  0.999863031820  -0.0119479508580  2.95335053
0.0093298418246  0.012055065534   0.9998838079700  245.971417

virtual_005003750438_0055
1094.8866329  0.0  934.63286315
0.0  1095.9840302  543.24743426
0.0  0.0  1.0
0  0
0.9998908890400  0.011339885359  -0.0094666268443  1.33393397
-0.011452688562  0.999863031820  -0.0119479508580  2.94129546
0.0093298418246  0.012055065534   0.9998838079700  244.971533

virtual_005003750438_0056
1094.8866329  0.0  934.63286315
0.0  1095.9840302  543.24743426
0.0  0.0  1.0
0  0
0.9998908890400  0.011339885359  -0.0094666268443  1.32460413
-0.011452688562  0.999863031820  -0.0119479508580  2.9292404
0.0093298418246  0.012055065534   0.9998838079700  243.971649

virtual_005003750438_0057
1094.8866329  0.0  934.63286315
0.0  1095.9840302  543.24743426
0.0  0.0  1.0
0  0
0.9998908890400  0.011339885359  -0.0094666268443  1.31527428
-0.011452688562  0.999863031820  -0.0119479508580  2.91718533
0.0093298418246  0.012055065534   0.9998838079700  242.971765

virtual_005003750438_0058
1094.8866329  0.0  934.63286315
0.0  1095.9840302  543.24743426
0.0  0.0  1.0
0  0
0.9998908890400  0.011339885359  -0.0094666268443  1.30594444
-0.011452688562  0.999863031820  -0.0119479508580  2.90513027
0.0093298418246  0.012055065534   0.9998838079700  241.971882

virtual_005003750438_0059
1094.8866329  0.0  934.63286315
0.0  1095.9840302  543.24743426
0.0  0.0  1.0
0  0
0.9998908890400  0.011339885359  -0.0094666268443  1.2966146
-0.011452688562  0.999863031820  -0.0119479508580  2.8930752
0.0093298418246  0.012055065534   0.9998838079700  240.971998

virtual_005003750438_0060
1094.8866329  0.0  934.63286315
0.0  1095.9840302  543.24743426
0.0  0.0  1.0
0  0
0.9998908890400  0.011339885359  -0.0094666268443  1.28728476
-0.011452688562  0.999863031820  -0.0119479508580  2.88102014
0.0093298418246  0.012055065534   0.9998838079700  239.972114

virtual_005003750438_0061
1094.8866329  0.0  934.63286315
0.0  1095.9840302  543.24743426
0.0  0.0  1.0
0  0
0.9998908890400  0.011339885359  -0.0094666268443  1.27795492
-0.011452688562  0.999863031820  -0.0119479508580  2.86896507
0.0093298418246  0.012055065534   0.9998838079700  238.97223

virtual_005003750438_0062
1094.8866329  0.0  934.63286315
0.0  1095.9840302  543.24743426
0.0  0.0  1.0
0  0
0.9998908890400  0.011339885359  -0.0094666268443  1.26862508
-0.011452688562  0.999863031820  -0.0119479508580  2.85691001
0.0093298418246  0.012055065534   0.9998838079700  237.972346

virtual_005003750438_0063
1094.8866329  0.0  934.63286315
0.0  1095.9840302  543.24743426
0.0  0.0  1.0
0  0
0.9998908890400  0.011339885359  -0.0094666268443  1.25929523
-0.011452688562  0.999863031820  -0.0119479508580  2.84485494
0.0093298418246  0.012055065534   0.9998838079700  236.972462

virtual_005003750438_0064
1094.8866329  0.0  934.63286315
0.0  1095.9840302  543.24743426
0.0  0.0  1.0
0  0
0.9998908890400  0.011339885359  -0.0094666268443  1.24996539
-0.011452688562  0.999863031820  -0.0119479508580  2.83279987
0.0093298418246  0.012055065534   0.9998838079700  235.972579

virtual_005003750438_0065
1094.8866329  0.0  934.63286315
0.0  1095.9840302  543.24743426
0.0  0.0  1.0
0  0
0.9998908890400  0.011339885359  -0.0094666268443  1.24063555
-0.011452688562  0.999863031820  -0.0119479508580  2.82074481
0.0093298418246  0.012055065534   0.9998838079700  234.972695

virtual_005003750438_0066
1094.8866329  0.0  934.63286315
0.0  1095.9840302  543.24743426
0.0  0.0  1.0
0  0
0.9998908890400  0.011339885359  -0.0094666268443  1.23130571
-0.011452688562  0.999863031820  -0.0119479508580  2.80868974
0.0093298418246  0.012055065534   0.9998838079700  233.972811

virtual_005003750438_0067
1094.8866329  0.0  934.63286315
0.0  1095.9840302  543.24743426
0.0  0.0  1.0
0  0
0.9998908890400  0.011339885359  -0.0094666268443  1.22197587
-0.011452688562  0.999863031820  -0.0119479508580  2.79663468
0.0093298418246  0.012055065534   0.9998838079700  232.972927

virtual_005003750438_0068
1094.8866329  0.0  934.63286315
0.0  1095.9840302  543.24743426
0.0  0.0  1.0
0  0
0.9998908890400  0.011339885359  -0.0094666268443  1.21264602
-0.011452688562  0.999863031820  -0.0119479508580  2.78457961
0.0093298418246  0.012055065534   0.9998838079700  231.973043

virtual_005003750438_0069
1094.8866329  0.0  934.63286315
0.0  1095.9840302  543.24743426
0.0  0.0  1.0
0  0
0.9998908890400  0.011339885359  -0.0094666268443  1.20331618
-0.011452688562  0.999863031820  -0.0119479508580  2.77252455
0.0093298418246  0.012055065534   0.9998838079700  230.97316

virtual_005003750438_0070
1094.8866329  0.0  934.63286315
0.0  1095.9840302  543.24743426
0.0  0.0  1.0
0  0
0.9998908890400  0.011339885359  -0.0094666268443  1.19398634
-0.011452688562  0.999863031820  -0.0119479508580  2.76046948
0.0093298418246  0.012055065534   0.9998838079700  229.973276

virtual_005003750438_0071
1094.8866329  0.0  934.63286315
0.0  1095.9840302  543.24743426
0.0  0.0  1.0
0  0
0.9998908890400  0.011339885359  -0.0094666268443  1.1846565
-0.011452688562  0.999863031820  -0.0119479508580  2.74841442
0.0093298418246  0.012055065534   0.9998838079700  228.973392

virtual_005003750438_0072
1094.8866329  0.0  934.63286315
0.0  1095.9840302  543.24743426
0.0  0.0  1.0
0  0
0.9998908890400  0.011339885359  -0.0094666268443  1.17532666
-0.011452688562  0.999863031820  -0.0119479508580  2.73635935
0.0093298418246  0.012055065534   0.9998838079700  227.973508

virtual_005003750438_0073
1094.8866329  0.0  934.63286315
0.0  1095.9840302  543.24743426
0.0  0.0  1.0
0  0
0.9998908890400  0.011339885359  -0.0094666268443  1.16599682
-0.011452688562  0.999863031820  -0.0119479508580  2.72430428
0.0093298418246  0.012055065534   0.9998838079700  226.973624

virtual_005003750438_0074
1094.8866329  0.0  934.63286315
0.0  1095.9840302  543.24743426
0.0  0.0  1.0
0  0
0.9998908890400  0.011339885359  -0.0094666268443  1.15666697
-0.011452688562  0.999863031820  -0.0119479508580  2.71224922
0.0093298418246  0.012055065534   0.9998838079700  225.973741

virtual_005003750438_0075
1094.8866329  0.0  934.63286315
0.0  1095.9840302  543.24743426
0.0  0.0  1.0
0  0
0.9998908890400  0.011339885359  -0.0094666268443  1.14733713
-0.011452688562  0.999863031820  -0.0119479508580  2.70019415
0.0093298418246  0.012055065534   0.9998838079700  224.973857

virtual_005003750438_0076
1094.8866329  0.0  934.63286315
0.0  1095.9840302  543.24743426
0.0  0.0  1.0
0  0
0.9998908890400  0.011339885359  -0.0094666268443  1.13800729
-0.011452688562  0.999863031820  -0.0119479508580  2.68813909
0.0093298418246  0.012055065534   0.9998838079700  223.973973

virtual_005003750438_0077
1094.8866329  0.0  934.63286315
0.0  1095.9840302  543.24743426
0.0  0.0  1.0
0  0
0.9998908890400  0.011339885359  -0.0094666268443  1.12867745
-0.011452688562  0.999863031820  -0.0119479508580  2.67608402
0.0093298418246  0.012055065534   0.9998838079700  222.974089

virtual_005003750438_0078
1094.8866329  0.0  934.63286315
0.0  1095.9840302  543.24743426
0.0  0.0  1.0
0  0
0.9998908890400  0.011339885359  -0.0094666268443  1.11934761
-0.011452688562  0.999863031820  -0.0119479508580  2.66402896
0.0093298418246  0.012055065534   0.9998838079700  221.974205

virtual_005003750438_0079
1094.8866329  0.0  934.63286315
0.0  1095.9840302  543.24743426
0.0  0.0  1.0
0  0
0.9998908890400  0.011339885359  -0.0094666268443  1.11001776
-0.011452688562  0.999863031820  -0.0119479508580  2.65197389
0.0093298418246  0.012055065534   0.9998838079700  220.974322

virtual_005003750438_0080
1094.8866329  0.0  934.63286315
0.0  1095.9840302  543.24743426
0.0  0.0  1.0
0  0
0.9998908890400  0.011339885359  -0.0094666268443  1.10068792
-0.011452688562  0.999863031820  -0.0119479508580  2.63991883
0.0093298418246  0.012055065534   0.9998838079700  219.974438

virtual_005003750438_0081
1094.8866329  0.0  934.63286315
0.0  1095.9840302  543.24743426
0.0  0.0  1.0
0  0
0.9998908890400  0.011339885359  -0.0094666268443  1.09135808
-0.011452688562  0.999863031820  -0.0119479508580  2.62786376
0.0093298418246  0.012055065534   0.9998838079700  218.974554

virtual_005003750438_0082
1094.8866329  0.0  934.63286315
0.0  1095.9840302  543.24743426
0.0  0.0  1.0
0  0
0.9998908890400  0.011339885359  -0.0094666268443  1.08202824
-0.011452688562  0.999863031820  -0.0119479508580  2.61580869
0.0093298418246  0.012055065534   0.9998838079700  217.97467

virtual_005003750438_0083
1094.8866329  0.0  934.63286315
0.0  1095.9840302  543.24743426
0.0  0.0  1.0
0  0
0.9998908890400  0.011339885359  -0.0094666268443  1.0726984
-0.011452688562  0.999863031820  -0.0119479508580  2.60375363
0.0093298418246  0.012055065534   0.9998838079700  216.974786

virtual_005003750438_0084
1094.8866329  0.0  934.63286315
0.0  1095.9840302  543.24743426
0.0  0.0  1.0
0  0
0.9998908890400  0.011339885359  -0.0094666268443  1.06336856
-0.011452688562  0.999863031820  -0.0119479508580  2.59169856
0.0093298418246  0.012055065534   0.9998838079700  215.974903

virtual_005003750438_0085
1094.8866329  0.0  934.63286315
0.0  1095.9840302  543.24743426
0.0  0.0  1.0
0  0
0.9998908890400  0.011339885359  -0.0094666268443  1.05403871
-0.011452688562  0.999863031820  -0.0119479508580  2.5796435
0.0093298418246  0.012055065534   0.9998838079700  214.975019

virtual_005003750438_0086
1094.8866329  0.0  934.63286315
0.0  1095.9840302  543.24743426
0.0  0.0  1.0
0  0
0.9998908890400  0.011339885359  -0.0094666268443  1.04470887
-0.011452688562  0.999863031820  -0.0119479508580  2.56758843
0.0093298418246  0.012055065534   0.9998838079700  213.975135

virtual_005003750438_0087
1094.8866329  0.0  934.63286315
0.0  1095.9840302  543.24743426
0.0  0.0  1.0
0  0
0.9998908890400  0.011339885359  -0.0094666268443  1.03537903
-0.011452688562  0.999863031820  -0.0119479508580  2.55553337
0.0093298418246  0.012055065534   0.9998838079700  212.975251

virtual_005003750438_0088
1094.8866329  0.0  934.63286315
0.0  1095.9840302  543.24743426
0.0  0.0  1.0
0  0
0.9998908890400  0.011339885359  -0.0094666268443  1.02604919
-0.011452688562  0.999863031820  -0.0119479508580  2.5434783
0.0093298418246  0.012055065534   0.9998838079700  211.975367

virtual_005003750438_0089
1094.8866329  0.0  934.63286315
0.0  1095.9840302  543.24743426
0.0  0.0  1.0
0  0
0.9998908890400  0.011339885359  -0.0094666268443  1.01671935
-0.011452688562  0.999863031820  -0.0119479508580  2.53142324
0.0093298418246  0.012055065534   0.9998838079700  210.975483

virtual_005003750438_0090
1094.8866329  0.0  934.63286315
0.0  1095.9840302  543.24743426
0.0  0.0  1.0
0  0
0.9998908890400  0.011339885359  -0.0094666268443  1.0073895
-0.011452688562  0.999863031820  -0.0119479508580  2.51936817
0.0093298418246  0.012055065534   0.9998838079700  209.9756

virtual_005003750438_0091
1094.8866329  0.0  934.63286315
0.0  1095.9840302  543.24743426
0.0  0.0  1.0
0  0
0.9998908890400  0.011339885359  -0.0094666268443  0.998059663
-0.011452688562  0.999863031820  -0.0119479508580  2.5073131
0.0093298418246  0.012055065534   0.9998838079700  208.975716

virtual_005003750438_0092
1094.8866329  0.0  934.63286315
0.0  1095.9840302  543.24743426
0.0  0.0  1.0
0  0
0.9998908890400  0.011339885359  -0.0094666268443  0.988729821
-0.011452688562  0.999863031820  -0.0119479508580  2.49525804
0.0093298418246  0.012055065534   0.9998838079700  207.975832

virtual_005003750438_0093
1094.8866329  0.0  934.63286315
0.0  1095.9840302  543.24743426
0.0  0.0  1.0
0  0
0.9998908890400  0.011339885359  -0.0094666268443  0.979399979
-0.011452688562  0.999863031820  -0.0119479508580  2.48320297
0.0093298418246  0.012055065534   0.9998838079700  206.975948

virtual_005003750438_0094
1094.8866329  0.0  934.63286315
0.0  1095.9840302  543.24743426
0.0  0.0  1.0
0  0
0.9998908890400  0.011339885359  -0.0094666268443  0.970070137
-0.011452688562  0.999863031820  -0.0119479508580  2.47114791
0.0093298418246  0.012055065534   0.9998838079700  205.976064

virtual_005003750438_0095
1094.8866329  0.0  934.63286315
0.0  1095.9840302  543.24743426
0.0  0.0  1.0
0  0
0.9998908890400  0.011339885359  -0.0094666268443  0.960740295
-0.011452688562  0.999863031820  -0.0119479508580  2.45909284
0.0093298418246  0.012055065534   0.9998838079700  204.976181

virtual_005003750438_0096
1094.8866329  0.0  934.63286315
0.0  1095.9840302  543.24743426
0.0  0.0  1.0
0  0
0.9998908890400  0.011339885359  -0.0094666268443  0.951410453
-0.011452688562  0.999863031820  -0.0119479508580  2.44703778
0.0093298418246  0.012055065534   0.9998838079700  203.976297

virtual_005003750438_0097
1094.8866329  0.0  934.63286315
0.0  1095.9840302  543.24743426
0.0  0.0  1.0
0  0
0.9998908890400  0.011339885359  -0.0094666268443  0.942080612
-0.011452688562  0.999863031820  -0.0119479508580  2.43498271
0.0093298418246  0.012055065534   0.9998838079700  202.976413

virtual_005003750438_0098
1094.8866329  0.0  934.63286315
0.0  1095.9840302  543.24743426
0.0  0.0  1.0
0  0
0.9998908890400  0.011339885359  -0.0094666268443  0.93275077
-0.011452688562  0.999863031820  -0.0119479508580  2.42292765
0.0093298418246  0.012055065534   0.9998838079700  201.976529

virtual_005003750438_0099
1094.8866329  0.0  934.63286315
0.0  1095.9840302  543.24743426
0.0  0.0  1.0
0  0
0.9998908890400  0.011339885359  -0.0094666268443  0.923420928
-0.011452688562  0.999863031820  -0.0119479508580  2.41087258
0.0093298418246  0.012055065534   0.9998838079700  200.976645

virtual_005003750438_0100
1094.8866329  0.0  934.63286315
0.0  1095.9840302  543.24743426
0.0  0.0  1.0
0  0
0.9998908890400  0.011339885359  -0.0094666268443  0.914091086
-0.011452688562  0.999863031820  -0.0119479508580  2.39881752
0.0093298418246  0.012055065534   0.9998838079700  199.976762

virtual_005003750438_0101
1094.8866329  0.0  934.63286315
0.0  1095.9840302  543.24743426
0.0  0.0  1.0
0  0
0.9998908890400  0.011339885359  -0.0094666268443  0.904761244
-0.011452688562  0.999863031820  -0.0119479508580  2.38676245
0.0093298418246  0.012055065534   0.9998838079700  198.976878

virtual_005003750438_0102
1094.8866329  0.0  934.63286315
0.0  1095.9840302  543.24743426
0.0  0.0  1.0
0  0
0.9998908890400  0.011339885359  -0.0094666268443  0.895431403
-0.011452688562  0.999863031820  -0.0119479508580  2.37470738
0.0093298418246  0.012055065534   0.9998838079700  197.976994

virtual_005003750438_0103
1094.8866329  0.0  934.63286315
0.0  1095.9840302  543.24743426
0.0  0.0  1.0
0  0
0.9998908890400  0.011339885359  -0.0094666268443  0.886101561
-0.011452688562  0.999863031820  -0.0119479508580  2.36265232
0.0093298418246  0.012055065534   0.9998838079700  196.97711

virtual_005003750438_0104
1094.8866329  0.0  934.63286315
0.0  1095.9840302  543.24743426
0.0  0.0  1.0
0  0
0.9998908890400  0.011339885359  -0.0094666268443  0.876771719
-0.011452688562  0.999863031820  -0.0119479508580  2.35059725
0.0093298418246  0.012055065534   0.9998838079700  195.977226

virtual_005003750438_0105
1094.8866329  0.0  934.63286315
0.0  1095.9840302  543.24743426
0.0  0.0  1.0
0  0
0.9998908890400  0.011339885359  -0.0094666268443  0.867441877
-0.011452688562  0.999863031820  -0.0119479508580  2.33854219
0.0093298418246  0.012055065534   0.9998838079700  194.977343

virtual_005003750438_0106
1094.8866329  0.0  934.63286315
0.0  1095.9840302  543.24743426
0.0  0.0  1.0
0  0
0.9998908890400  0.011339885359  -0.0094666268443  0.858112035
-0.011452688562  0.999863031820  -0.0119479508580  2.32648712
0.0093298418246  0.012055065534   0.9998838079700  193.977459

virtual_005003750438_0107
1094.8866329  0.0  934.63286315
0.0  1095.9840302  543.24743426
0.0  0.0  1.0
0  0
0.9998908890400  0.011339885359  -0.0094666268443  0.848782193
-0.011452688562  0.999863031820  -0.0119479508580  2.31443206
0.0093298418246  0.012055065534   0.9998838079700  192.977575

virtual_005003750438_0108
1094.8866329  0.0  934.63286315
0.0  1095.9840302  543.24743426
0.0  0.0  1.0
0  0
0.9998908890400  0.011339885359  -0.0094666268443  0.839452352
-0.011452688562  0.999863031820  -0.0119479508580  2.30237699
0.0093298418246  0.012055065534   0.9998838079700  191.977691

virtual_005003750438_0109
1094.8866329  0.0  934.63286315
0.0  1095.9840302  543.24743426
0.0  0.0  1.0
0  0
0.9998908890400  0.011339885359  -0.0094666268443  0.83012251
-0.011452688562  0.999863031820  -0.0119479508580  2.29032193
0.0093298418246  0.012055065534   0.9998838079700  190.977807

virtual_005003750438_0110
1094.8866329  0.0  934.63286315
0.0  1095.9840302  543.24743426
0.0  0.0  1.0
0  0
0.9998908890400  0.011339885359  -0.0094666268443  0.820792668
-0.011452688562  0.999863031820  -0.0119479508580  2.27826686
0.0093298418246  0.012055065534   0.9998838079700  189.977924

virtual_005003750438_0111
1094.8866329  0.0  934.63286315
0.0  1095.9840302  543.24743426
0.0  0.0  1.0
0  0
0.9998908890400  0.011339885359  -0.0094666268443  0.811462826
-0.011452688562  0.999863031820  -0.0119479508580  2.26621179
0.0093298418246  0.012055065534   0.9998838079700  188.97804

virtual_005003750438_0112
1094.8866329  0.0  934.63286315
0.0  1095.9840302  543.24743426
0.0  0.0  1.0
0  0
0.9998908890400  0.011339885359  -0.0094666268443  0.802132984
-0.011452688562  0.999863031820  -0.0119479508580  2.25415673
0.0093298418246  0.012055065534   0.9998838079700  187.978156

virtual_005003750438_0113
1094.8866329  0.0  934.63286315
0.0  1095.9840302  543.24743426
0.0  0.0  1.0
0  0
0.9998908890400  0.011339885359  -0.0094666268443  0.792803142
-0.011452688562  0.999863031820  -0.0119479508580  2.24210166
0.0093298418246  0.012055065534   0.9998838079700  186.978272

virtual_005003750438_0114
1094.8866329  0.0  934.63286315
0.0  1095.9840302  543.24743426
0.0  0.0  1.0
0  0
0.9998908890400  0.011339885359  -0.0094666268443  0.783473301
-0.011452688562  0.999863031820  -0.0119479508580  2.2300466
0.0093298418246  0.012055065534   0.9998838079700  185.978388

virtual_005003750438_0115
1094.8866329  0.0  934.63286315
0.0  1095.9840302  543.24743426
0.0  0.0  1.0
0  0
0.9998908890400  0.011339885359  -0.0094666268443  0.774143459
-0.011452688562  0.999863031820  -0.0119479508580  2.21799153
0.0093298418246  0.012055065534   0.9998838079700  184.978504

virtual_005003750438_0116
1094.8866329  0.0  934.63286315
0.0  1095.9840302  543.24743426
0.0  0.0  1.0
0  0
0.9998908890400  0.011339885359  -0.0094666268443  0.764813617
-0.011452688562  0.999863031820  -0.0119479508580  2.20593647
0.0093298418246  0.012055065534   0.9998838079700  183.978621

virtual_005003750438_0117
1094.8866329  0.0  934.63286315
0.0  1095.9840302  543.24743426
0.0  0.0  1.0
0  0
0.9998908890400  0.011339885359  -0.0094666268443  0.755483775
-0.011452688562  0.999863031820  -0.0119479508580  2.1938814
0.0093298418246  0.012055065534   0.9998838079700  182.978737

virtual_005003750438_0118
1094.8866329  0.0  934.63286315
0.0  1095.9840302  543.24743426
0.0  0.0  1.0
0  0
0.9998908890400  0.011339885359  -0.0094666268443  0.746153933
-0.011452688562  0.999863031820  -0.0119479508580  2.18182634
0.0093298418246  0.012055065534   0.9998838079700  181.978853

virtual_005003750438_0119
1094.8866329  0.0  934.63286315
0.0  1095.9840302  543.24743426
0.0  0.0  1.0
0  0
0.9998908890400  0.011339885359  -0.0094666268443  0.736824092
-0.011452688562  0.999863031820  -0.0119479508580  2.16977127
0.0093298418246  0.012055065534   0.9998838079700  180.978969

virtual_005003750438_0120
1094.8866329  0.0  934.63286315
0.0  1095.9840302  543.24743426
0.0  0.0  1.0
0  0
0.9998908890400  0.011339885359  -0.0094666268443  0.72749425
-0.011452688562  0.999863031820  -0.0119479508580  2.1577162
0.0093298418246  0.012055065534   0.9998838079700  179.979085

virtual_005003750438_0121
1094.8866329  0.0  934.63286315
0.0  1095.9840302  543.24743426
0.0  0.0  1.0
0  0
0.9998908890400  0.011339885359  -0.0094666268443  0.718164408
-0.011452688562  0.999863031820  -0.0119479508580  2.14566114
0.0093298418246  0.012055065534   0.9998838079700  178.979202

virtual_005003750438_0122
1094.8866329  0.0  934.63286315
0.0  1095.9840302  543.24743426
0.0  0.0  1.0
0  0
0.9998908890400  0.011339885359  -0.0094666268443  0.708834566
-0.011452688562  0.999863031820  -0.0119479508580  2.13360607
0.0093298418246  0.012055065534   0.9998838079700  177.979318

virtual_005003750438_0123
1094.8866329  0.0  934.63286315
0.0  1095.9840302  543.24743426
0.0  0.0  1.0
0  0
0.9998908890400  0.011339885359  -0.0094666268443  0.699504724
-0.011452688562  0.999863031820  -0.0119479508580  2.12155101
0.0093298418246  0.012055065534   0.9998838079700  176.979434

virtual_005003750438_0124
1094.8866329  0.0  934.63286315
0.0  1095.9840302  543.24743426
0.0  0.0  1.0
0  0
0.9998908890400  0.011339885359  -0.0094666268443  0.690174882
-0.011452688562  0.999863031820  -0.0119479508580  2.10949594
0.0093298418246  0.012055065534   0.9998838079700  175.97955

virtual_005003750438_0125
1094.8866329  0.0  934.63286315
0.0  1095.9840302  543.24743426
0.0  0.0  1.0
0  0
0.9998908890400  0.011339885359  -0.0094666268443  0.680845041
-0.011452688562  0.999863031820  -0.0119479508580  2.09744088
0.0093298418246  0.012055065534   0.9998838079700  174.979666

